6	11	26	45	36	24	7	34	48	29	17	25	35	7	24	13	41	33	15	4	3	15	17	9	16	33	20	48	16	7	0	4	22	19	35	33	21	7	11	33	27	19	12	47	31	40	23	7	29	4	1	27	24	12	48	22	2	29	15	31	48	19	39	14	44	38	43	18	39	32	35	41	46	4	15	36	0	39	44	45	24	0	6	27	23	21	1	1	46	46	12	30	34	23	19	24	0	35	14	37		|	35	19	24	42	17	36	39	7	30	32	8	18	49	26	28	26	4	10	35	26	14	9	43	2	0	35	38	19	12	4	24	31	36	33	5	10	22	13	31	9	32	14	46	12	17	33	36	23	46	14	12	3	30	47	2	5	37	26	20	7	15	24	10	39	20	22	28	42	25	16	1	7	9	11	37	35	44	27	27	31	22	23	2	43	38	9	48	30	45	18	32	8	33	14	15	31	10	46	25	30	
37	38	25	29	6	49	32	45	8	13	5	35	41	15	16	0	4	47	42	1	3	45	47	4	47	14	3	36	2	41	21	22	41	33	6	49	34	42	18	12	41	42	4	45	2	40	38	40	15	4	1	15	17	5	15	28	41	28	29	31	27	9	17	5	41	43	1	33	5	36	1	17	9	23	47	2	22	41	46	16	12	5	49	27	30	32	34	24	16	35	18	38	33	49	35	31	44	34	26	22		|	31	29	40	42	34	31	11	49	28	30	33	44	47	24	32	9	20	36	45	42	26	21	2	4	47	3	11	28	11	19	6	26	25	37	25	15	12	18	40	8	20	40	48	0	49	48	17	7	11	33	9	1	18	18	27	36	34	11	31	41	28	43	6	49	16	45	0	13	2	41	45	48	38	1	13	1	12	15	11	37	16	42	18	41	10	20	2	20	9	21	40	46	16	4	32	36	39	45	24	44	
21	26	13	32	17	25	0	1	17	39	27	45	43	11	36	34	28	6	22	33	5	49	9	29	3	30	26	8	10	17	40	31	25	43	10	46	43	23	15	0	14	29	1	41	34	14	19	3	8	36	45	4	5	11	16	8	19	44	3	46	38	1	16	24	23	48	24	47	39	33	17	35	12	30	25	33	24	32	16	30	13	19	32	21	6	2	35	24	28	40	36	19	29	39	2	13	32	7	12	18		|	49	19	5	44	23	14	6	25	28	5	10	27	49	30	37	9	19	30	1	45	35	47	7	33	18	34	13	19	34	39	47	18	18	45	43	41	41	44	14	35	40	15	31	13	45	4	24	39	39	17	20	9	36	40	43	48	41	22	27	36	2	8	47	5	6	9	29	13	12	31	4	17	19	30	7	24	4	11	19	42	9	3	8	5	44	9	38	23	43	5	0	8	20	25	24	39	8	11	42	6	
24	20	3	39	37	48	34	2	48	16	0	42	46	44	24	33	3	19	22	40	23	41	47	49	18	41	5	20	49	21	1	6	7	18	9	43	17	43	1	15	22	37	23	14	20	47	45	1	27	7	17	47	10	14	5	39	0	12	27	9	30	42	8	12	11	4	23	46	26	7	19	40	41	40	20	13	28	32	17	2	37	6	31	28	39	3	4	45	8	47	45	14	24	16	21	20	6	22	49	18		|	49	1	2	49	43	34	1	49	46	19	46	26	7	33	8	36	35	24	4	30	40	34	31	31	0	19	36	30	48	21	48	7	44	47	21	42	48	4	20	15	9	16	43	11	24	5	44	28	27	25	17	6	28	47	21	47	1	19	6	30	9	4	39	40	6	33	44	36	10	20	2	49	15	15	33	20	4	23	13	43	42	2	20	35	44	25	4	31	8	4	44	41	6	2	0	36	20	1	37	7	
27	21	15	38	29	39	20	5	3	33	33	23	1	29	28	49	6	41	29	44	40	27	24	39	7	40	33	8	29	15	39	32	1	6	28	27	34	22	24	8	9	18	11	5	27	49	41	34	12	45	15	15	22	26	36	8	41	23	31	16	21	44	24	37	0	40	46	3	45	0	24	41	27	33	39	34	17	30	44	37	22	30	16	40	9	9	45	33	26	39	33	40	6	26	21	44	23	34	35	49		|	32	13	24	5	15	6	28	6	23	26	5	22	16	37	28	23	33	14	42	14	43	5	3	48	39	13	4	23	7	41	41	5	39	11	10	31	2	28	31	28	44	23	6	7	19	35	43	45	27	35	7	47	10	38	2	11	10	37	23	46	10	9	15	6	1	19	1	20	49	27	6	7	32	19	36	11	23	27	48	9	45	15	0	23	10	32	10	25	7	0	3	44	11	21	8	38	41	15	29	12	
2	16	31	17	4	42	3	8	49	38	25	28	24	14	39	8	38	39	7	9	40	45	37	14	48	18	22	12	49	45	12	32	44	17	41	29	24	17	10	9	49	34	46	17	38	46	33	32	34	24	11	5	17	0	5	26	25	29	14	3	23	27	14	25	12	0	19	36	27	12	25	0	30	26	15	8	46	35	7	20	18	17	9	40	21	47	25	49	49	29	23	5	14	25	45	27	2	2	29	18		|	36	23	20	45	10	23	13	44	33	37	45	8	2	33	44	9	16	22	32	10	46	2	41	15	37	21	35	16	16	9	28	26	6	46	42	14	0	14	24	6	36	35	7	30	32	49	21	6	24	35	0	6	49	31	8	26	11	49	21	46	22	25	33	47	1	49	47	11	49	28	27	26	32	11	27	20	42	39	33	28	40	15	24	41	12	39	7	37	38	36	47	23	26	49	16	27	29	17	42	33	
1	13	24	15	30	17	30	45	18	32	30	38	46	47	16	35	7	21	15	40	1	2	19	46	47	40	1	49	25	48	18	29	16	22	19	44	9	47	27	45	11	15	13	39	29	3	38	12	46	14	34	14	2	5	30	16	42	42	43	42	16	24	29	29	10	29	44	27	48	43	42	14	36	3	36	3	41	43	17	25	23	10	5	0	22	18	44	27	17	37	7	9	30	39	7	2	9	32	24	21		|	28	47	40	33	21	13	28	33	9	41	49	32	46	12	3	28	15	33	5	1	5	22	23	49	21	49	34	7	4	41	5	19	16	19	23	32	9	20	38	8	45	36	9	39	25	34	24	27	32	47	27	6	43	3	0	18	14	17	45	19	38	22	17	7	49	8	45	29	35	41	22	16	12	20	32	33	14	32	46	0	20	40	46	42	27	28	15	0	40	43	37	26	7	44	34	20	44	20	11	33	
29	6	47	28	17	30	32	18	2	42	48	7	12	20	28	34	40	16	8	28	20	46	14	26	47	39	37	11	24	23	7	18	30	24	17	3	33	46	43	16	3	44	21	31	31	21	40	38	28	37	1	49	0	9	18	14	32	2	25	18	13	6	26	24	28	18	4	41	41	30	3	0	10	29	17	49	38	2	48	47	7	44	23	42	19	41	32	48	39	12	9	44	40	29	14	24	19	15	24	3		|	40	27	9	0	29	5	33	32	6	17	2	13	34	37	11	28	25	7	38	18	14	41	25	38	25	12	39	10	43	0	19	34	47	8	14	44	45	43	13	6	12	31	14	34	47	3	25	47	1	3	10	0	24	30	29	36	24	29	44	20	29	23	47	28	45	21	46	19	0	8	23	29	33	46	17	26	45	15	20	9	9	24	12	46	5	8	34	45	30	38	12	47	19	35	15	8	35	37	9	21	
19	0	11	49	0	38	20	37	36	29	43	19	38	12	24	25	32	26	19	4	19	15	17	13	8	5	28	9	36	1	24	10	43	16	39	19	36	46	37	34	2	20	48	34	19	47	35	34	1	29	1	32	37	20	49	38	8	26	31	1	23	33	47	23	0	18	33	27	39	26	27	40	45	25	9	35	49	32	44	29	30	10	36	41	15	20	3	33	28	13	10	33	30	30	8	34	5	30	31	7		|	24	44	42	27	29	31	31	23	21	3	6	14	11	30	46	1	10	45	13	18	32	18	45	32	42	14	2	21	25	46	31	10	11	4	38	29	39	3	35	4	28	42	20	47	0	31	2	12	45	9	38	23	7	12	16	21	33	44	44	30	24	8	37	37	29	6	8	10	35	28	1	25	19	19	0	12	43	28	47	33	31	44	0	30	13	6	12	46	11	12	14	47	4	35	12	13	16	38	18	26	
32	41	43	7	3	20	6	6	42	6	35	14	47	14	11	18	44	9	44	11	7	6	30	24	38	1	32	44	31	42	3	24	22	48	28	40	5	27	9	44	13	35	32	37	48	36	24	15	14	30	7	28	9	9	3	43	13	39	36	31	16	21	40	14	11	14	29	49	28	26	9	10	30	34	7	3	30	42	4	15	20	41	8	40	9	15	27	1	27	0	23	19	17	33	22	47	16	28	26	3		|	27	2	30	19	9	25	31	43	14	36	25	31	48	7	31	27	24	30	45	45	26	1	31	36	47	42	44	43	11	30	2	22	10	27	29	30	31	9	4	18	6	36	3	9	49	23	12	11	45	38	3	40	14	49	10	37	32	45	11	36	45	33	18	35	12	43	40	34	6	42	3	33	19	34	31	15	29	12	29	39	1	1	21	17	32	42	13	25	30	33	45	35	9	31	32	35	35	14	5	13	
31	10	49	46	3	21	19	2	9	23	23	6	13	37	18	7	26	15	33	37	21	12	28	16	3	29	17	42	48	35	10	45	22	10	8	6	3	31	28	26	15	16	37	13	8	14	3	23	35	19	22	47	3	7	22	13	32	43	15	3	27	30	13	0	0	34	44	18	45	18	14	13	21	26	10	15	49	27	44	18	9	17	45	35	41	42	37	28	45	27	22	49	45	12	8	25	9	16	12	36		|	10	32	7	24	39	9	10	8	17	8	37	15	47	36	15	34	17	41	45	36	32	14	38	0	37	24	44	12	26	19	15	42	2	31	6	7	47	33	45	37	39	35	33	14	25	38	22	30	33	35	4	9	31	44	21	21	46	25	25	23	14	34	35	5	20	8	11	48	19	4	44	20	3	13	14	41	31	24	28	47	36	34	49	45	2	47	29	25	23	8	25	37	3	41	33	25	3	35	17	27	
49	12	24	26	36	27	45	43	47	23	28	31	21	33	2	11	45	16	5	22	43	3	15	44	19	0	24	40	40	26	47	17	19	36	38	18	30	15	6	6	43	34	5	28	13	9	35	29	37	40	40	27	29	27	19	38	2	24	30	38	44	31	0	12	15	12	38	14	6	40	3	5	11	4	3	48	42	37	47	47	13	23	2	9	34	32	39	34	16	39	37	29	2	28	21	30	32	49	32	44		|	34	8	23	8	13	41	19	25	17	6	10	42	27	13	27	47	35	0	31	30	29	6	44	15	39	11	15	42	33	34	9	44	7	38	47	9	9	36	38	36	25	48	20	2	0	49	25	21	1	38	31	24	19	32	30	20	38	25	14	2	8	5	0	26	46	38	27	20	17	6	32	24	17	4	18	47	35	15	2	22	3	4	19	49	20	19	21	28	48	40	30	28	4	31	5	7	26	23	9	7	
1	48	35	18	3	48	19	38	44	15	12	47	44	11	27	7	18	18	20	21	43	22	41	23	29	10	12	48	31	42	16	47	23	13	0	41	3	40	2	7	24	24	44	46	7	44	38	4	20	38	18	25	6	3	25	47	34	6	40	4	25	5	42	17	36	46	34	7	10	22	24	36	43	16	9	30	46	41	43	0	19	20	5	14	27	31	14	32	3	38	2	43	47	4	1	47	44	47	43	30		|	45	47	25	3	47	46	17	2	10	24	21	32	11	39	35	24	19	45	14	43	21	25	11	10	46	46	22	25	46	41	26	44	21	23	19	31	49	38	40	26	11	22	31	40	21	41	37	46	8	7	18	46	8	39	49	36	7	28	20	1	2	15	33	7	23	17	36	2	11	11	20	49	12	25	40	18	7	9	8	25	27	5	26	45	28	41	32	9	41	10	3	43	29	32	46	48	25	4	24	20	
40	8	7	22	21	25	40	27	21	7	28	9	39	47	48	7	19	40	29	14	10	7	3	6	17	47	41	22	23	49	22	48	42	15	19	27	1	6	23	23	22	41	49	39	19	35	45	38	37	47	39	30	6	15	43	34	31	4	40	31	28	11	42	30	39	47	41	27	41	14	36	44	30	29	48	43	17	5	14	44	24	15	16	42	32	33	41	36	36	32	47	16	43	40	11	4	21	2	23	17		|	30	17	38	31	24	15	16	12	21	42	33	6	4	11	2	10	25	19	33	42	46	34	16	25	21	45	29	45	48	42	20	8	3	49	49	32	4	38	48	13	46	12	0	34	31	21	11	7	32	44	34	44	1	11	7	25	10	12	36	25	15	3	1	26	43	9	37	5	32	16	34	31	43	3	29	34	35	0	5	10	33	5	43	43	27	24	28	17	3	31	5	48	6	17	46	4	41	25	11	15	
20	16	38	34	19	9	41	48	2	46	12	11	15	40	46	5	10	22	0	38	6	21	18	19	44	13	18	23	22	29	3	4	2	47	37	31	31	14	1	22	19	13	35	41	37	27	39	4	10	25	21	5	5	46	46	34	49	35	43	1	37	0	31	22	42	44	40	5	45	3	17	35	40	15	31	42	12	19	7	44	43	30	12	0	21	23	3	37	3	0	31	39	47	16	30	20	40	14	20	22		|	49	40	27	10	22	8	30	19	4	28	48	3	46	38	30	7	4	21	37	16	35	49	16	8	43	22	5	28	25	25	33	25	18	19	46	37	39	6	26	37	23	20	9	2	10	39	49	37	48	40	21	30	35	3	14	40	9	6	46	16	23	16	41	17	1	38	10	22	48	6	49	3	8	9	41	16	5	26	43	43	32	48	20	15	22	18	3	14	4	5	17	45	45	48	27	3	17	31	9	5	
7	47	49	26	22	33	33	41	8	3	21	28	9	4	0	43	22	27	12	47	48	0	11	31	25	12	9	37	36	29	43	8	17	19	44	30	34	16	32	13	36	37	40	11	46	44	27	41	40	44	24	31	40	49	28	4	39	37	2	35	1	40	8	36	41	48	3	35	15	2	1	26	29	8	10	12	28	16	46	9	8	5	46	25	48	13	17	6	24	23	19	20	1	48	46	22	39	13	2	38		|	13	0	41	14	34	32	22	4	15	40	11	14	30	8	6	34	7	3	46	47	12	43	40	2	25	31	29	20	19	14	10	34	34	28	7	20	47	4	27	36	35	0	37	20	44	16	46	48	36	1	17	14	44	34	46	41	15	41	11	38	17	2	2	8	41	16	6	25	38	46	25	16	21	22	1	13	34	31	3	28	0	31	43	12	35	13	37	23	17	25	20	36	47	20	4	29	15	48	24	30	
9	33	20	32	7	31	26	31	44	36	27	45	10	40	43	1	43	23	16	47	4	41	4	42	7	2	17	25	47	10	26	47	16	33	27	15	23	41	49	20	26	35	5	7	41	16	1	29	36	10	27	14	18	11	19	39	33	39	12	39	7	41	8	30	35	9	45	37	0	26	49	25	10	22	2	49	16	33	9	40	34	25	21	11	41	33	38	35	39	45	5	38	32	41	4	7	38	46	36	32		|	28	32	21	9	14	28	20	8	2	3	4	34	39	7	9	26	43	23	27	36	9	42	24	44	38	8	49	33	47	32	7	12	22	1	28	26	45	31	22	17	0	0	12	8	29	49	23	36	10	17	10	1	46	4	36	4	6	2	2	31	38	22	19	21	29	0	15	46	6	48	16	26	21	26	6	1	6	36	36	34	29	46	46	26	27	5	9	3	46	40	29	38	33	3	42	13	22	19	32	47	
25	43	25	47	4	25	2	10	11	16	40	32	32	38	38	27	18	36	6	13	21	10	24	0	10	32	20	14	3	8	18	11	27	14	31	12	6	20	2	16	7	48	29	41	27	23	26	17	10	29	2	26	18	19	10	29	1	48	48	48	8	35	7	33	26	49	48	32	44	11	17	30	34	39	16	46	33	29	26	42	15	33	39	13	12	48	35	7	2	35	13	45	24	44	23	29	14	49	36	5		|	14	28	13	47	1	42	0	41	34	26	37	40	13	21	42	2	42	20	18	42	31	14	39	35	5	23	27	20	16	46	2	5	41	11	15	29	25	48	42	17	5	13	29	26	26	34	27	11	17	46	19	25	31	3	39	48	41	31	36	6	8	7	12	1	35	42	40	31	14	2	20	5	0	48	42	40	7	1	41	21	32	38	46	45	38	22	39	7	38	30	34	13	21	1	4	3	9	2	42	20	
19	47	0	32	10	25	35	20	10	6	11	15	38	23	34	1	43	5	43	0	2	20	25	41	29	11	48	19	1	25	31	28	2	47	29	18	39	46	29	9	18	42	41	13	46	5	21	23	7	30	29	13	24	43	20	24	32	29	31	45	24	37	49	49	17	45	6	49	48	37	12	3	49	32	29	26	40	18	32	39	20	10	31	39	22	27	15	43	40	22	46	34	47	36	39	29	5	42	26	35		|	10	4	24	6	31	9	14	34	33	0	29	43	33	15	3	49	34	9	42	11	41	22	26	29	29	4	10	39	6	10	33	35	44	48	20	29	0	14	45	40	33	46	48	28	11	40	31	37	27	45	40	2	39	41	41	29	25	20	28	39	33	32	5	43	5	7	48	24	7	33	42	45	39	38	11	7	24	12	47	20	1	35	26	0	38	3	27	22	32	46	33	45	4	22	21	11	44	49	17	35	
14	33	14	17	1	46	38	45	0	45	25	37	43	9	32	45	7	2	17	1	13	16	13	8	49	22	26	48	48	21	39	18	0	9	38	27	18	6	12	38	21	22	12	15	5	23	8	3	16	35	0	41	33	48	5	20	34	36	34	13	22	28	14	45	31	38	24	10	4	28	0	6	31	41	38	11	18	41	41	29	22	4	23	26	49	14	20	27	24	30	9	13	17	4	49	7	15	5	0	23		|	18	27	41	19	31	25	24	27	20	2	23	5	31	48	40	14	3	29	14	3	49	23	46	15	2	4	44	11	18	22	47	17	30	36	32	48	40	2	1	21	38	28	46	18	35	30	3	8	49	43	15	3	46	49	48	9	18	4	42	31	1	28	24	26	13	21	13	47	6	4	39	10	17	41	1	14	49	25	31	34	26	8	28	14	47	7	7	21	43	22	38	41	34	30	13	24	36	19	28	6	
8	22	46	35	22	42	1	1	7	2	35	6	38	2	42	29	2	26	24	38	26	33	10	15	16	17	11	16	16	43	24	46	15	48	11	31	24	44	48	20	24	47	21	48	7	19	39	46	1	27	26	47	33	7	38	1	46	28	23	35	6	23	17	15	15	44	11	33	8	9	28	1	9	11	47	10	32	19	23	16	17	47	37	5	29	17	42	14	14	31	9	0	39	18	13	49	1	43	32	39		|	21	0	12	18	22	11	4	40	3	47	24	8	10	2	45	45	48	24	35	43	20	21	43	42	26	45	25	19	21	36	7	44	38	33	30	11	29	23	15	1	41	15	13	2	1	37	5	15	7	24	20	46	18	12	10	33	29	10	23	37	12	1	33	47	22	45	35	1	16	46	30	38	33	33	1	32	1	23	6	26	23	17	1	9	12	2	17	29	20	31	49	33	48	40	40	14	1	6	7	30	
9	26	20	41	34	31	34	7	16	29	16	25	1	44	18	10	46	1	6	35	2	24	31	46	42	25	30	30	34	47	0	0	44	12	2	21	43	17	26	32	4	30	48	40	38	45	10	39	34	49	15	17	1	19	29	0	30	33	14	36	1	49	9	30	19	40	10	18	13	20	6	14	5	32	45	12	3	44	15	1	6	27	3	37	49	5	39	21	40	15	13	30	25	30	1	2	30	32	10	13		|	49	24	25	8	30	36	43	18	13	39	7	18	20	39	19	41	19	6	13	13	24	9	17	34	28	44	6	0	21	15	39	1	0	47	47	5	26	23	46	2	9	22	19	42	43	48	22	24	7	14	24	15	26	7	17	27	9	39	24	16	5	21	12	2	21	43	0	10	26	34	33	1	14	17	30	38	10	29	12	27	2	21	3	43	28	46	14	11	0	13	34	7	19	7	45	19	41	8	42	9	
7	0	35	6	35	39	16	38	7	14	19	45	31	3	7	7	18	0	28	20	24	47	36	18	17	47	39	7	45	21	6	26	19	38	26	43	25	18	11	22	7	38	30	36	23	13	29	0	31	16	37	22	3	13	33	9	40	44	25	35	18	10	7	20	10	38	1	37	47	42	4	19	33	39	24	45	41	11	26	24	25	31	42	17	12	31	41	44	20	23	47	42	43	28	23	23	46	19	11	11		|	36	37	41	21	17	16	22	13	8	49	36	27	41	43	20	36	12	43	10	35	23	38	33	2	22	2	36	18	8	22	28	11	46	31	25	30	34	21	30	0	24	19	28	44	7	17	29	9	12	18	45	0	12	10	2	37	0	25	3	3	38	22	32	20	36	33	25	13	46	34	34	19	47	35	26	35	13	26	16	48	9	12	14	29	13	22	25	16	49	36	42	4	19	32	20	39	18	43	26	44	
39	10	3	5	3	24	26	32	32	5	31	18	8	27	38	47	43	17	8	30	17	47	27	20	5	24	31	10	20	5	29	9	11	35	44	0	12	20	25	26	22	19	32	0	24	33	24	3	34	34	40	38	39	35	25	9	17	41	3	12	11	11	7	27	38	45	9	5	5	9	9	27	16	45	1	44	13	42	34	17	34	41	5	29	9	4	21	17	7	26	44	48	9	3	13	48	4	7	12	37		|	41	13	43	7	33	32	4	17	30	49	40	9	49	27	15	31	5	10	47	46	37	36	29	3	46	9	22	26	21	44	34	6	19	48	20	0	9	14	9	2	25	27	26	29	7	36	44	15	32	38	39	14	15	38	15	35	43	32	47	14	39	46	2	45	45	5	18	21	18	46	44	26	9	12	3	10	14	40	46	0	39	12	14	48	7	32	39	46	23	38	36	8	10	21	0	13	38	6	3	12	
4	7	27	39	4	27	0	48	34	27	37	20	13	44	8	23	47	47	19	38	17	13	28	4	36	11	3	49	4	2	7	9	5	23	18	40	25	33	5	33	16	23	25	11	23	26	32	41	33	23	1	46	12	6	6	32	27	39	48	38	32	10	45	1	47	43	0	40	38	12	20	48	34	15	20	30	40	4	21	4	13	24	6	4	41	32	9	42	41	16	19	8	6	29	1	2	10	5	3	17		|	6	31	39	15	37	29	20	1	7	44	13	10	7	22	9	38	21	31	22	45	37	22	32	5	19	26	3	15	26	35	6	24	1	44	19	8	1	48	32	22	26	34	32	11	25	16	45	43	20	30	0	42	41	47	22	12	20	47	33	6	13	2	28	20	4	18	37	25	40	27	44	17	42	35	8	46	17	30	26	34	27	43	6	49	2	22	34	18	18	11	19	23	10	5	3	27	44	0	45	11	
31	13	35	38	21	49	6	23	13	36	38	46	20	2	25	16	4	37	18	38	44	20	33	28	16	4	39	40	46	11	36	46	40	11	16	15	44	46	32	32	19	11	14	36	10	14	18	7	48	48	29	16	41	8	20	23	45	42	13	18	27	19	38	48	12	37	35	10	4	24	38	12	14	18	4	48	37	35	31	6	14	18	21	17	24	2	6	31	2	10	42	39	12	3	49	14	16	36	42	15		|	35	44	24	31	36	25	13	23	10	48	47	40	36	27	17	4	18	24	23	30	39	47	0	14	36	41	4	46	42	37	24	2	20	34	40	1	10	42	6	30	35	40	42	20	0	0	48	11	18	49	48	39	49	48	20	46	22	39	47	19	20	8	6	25	45	41	6	29	3	39	35	37	39	18	40	14	14	41	26	31	23	8	35	6	22	48	19	16	41	31	9	9	34	8	20	12	36	4	19	6	
39	9	1	48	32	21	28	38	40	15	8	15	38	11	18	5	33	43	11	32	42	21	16	32	0	43	29	18	24	8	7	49	31	31	18	38	13	33	2	4	12	15	10	46	14	40	1	21	6	32	22	49	36	0	34	2	6	4	36	31	16	14	12	18	20	41	17	7	23	27	33	14	8	13	34	6	42	26	24	6	11	9	9	18	31	8	10	29	42	29	33	45	21	36	0	36	38	17	0	23		|	33	15	18	5	8	44	33	8	42	45	27	16	26	36	43	25	18	3	37	34	20	32	47	31	2	19	20	27	29	37	8	28	34	43	39	25	8	32	48	10	49	47	15	29	39	29	48	29	25	41	25	32	16	10	22	20	18	23	1	32	35	42	0	2	49	27	22	28	12	39	37	11	8	8	44	34	14	4	15	3	12	22	38	9	47	21	36	0	4	36	13	19	48	41	14	35	25	23	43	37	
1	19	7	38	4	48	44	43	47	43	43	39	28	23	39	18	40	30	27	10	33	41	35	34	24	30	5	45	17	22	37	36	0	36	1	17	49	1	17	4	30	41	30	36	19	2	8	28	23	41	31	39	14	44	11	28	21	19	41	2	14	6	5	25	3	31	47	28	22	28	34	10	19	39	40	35	49	11	5	36	5	35	4	12	35	26	7	3	24	47	34	26	24	17	27	3	21	18	42	15		|	35	35	28	5	48	7	46	0	15	10	23	34	40	45	29	38	18	38	0	15	26	16	39	17	12	19	11	20	48	24	6	48	33	44	17	21	48	19	35	40	26	33	17	34	13	43	16	1	12	48	37	44	31	25	11	3	34	48	13	42	10	46	33	17	9	9	10	23	17	2	7	16	25	32	33	14	32	12	6	49	39	0	40	35	8	1	19	44	13	17	36	6	8	23	47	16	42	44	33	1	
42	14	5	10	37	0	25	3	28	25	46	37	22	35	17	37	22	0	35	36	45	12	47	28	18	8	0	5	15	34	4	31	23	14	29	9	49	25	42	40	47	13	16	20	16	37	7	43	23	41	43	27	13	21	30	40	25	5	48	28	47	17	28	12	1	27	41	22	4	39	27	32	35	43	49	37	35	26	18	45	0	16	32	34	39	24	49	49	7	25	2	43	15	5	24	34	28	47	49	45		|	7	28	42	37	40	31	34	5	24	28	22	46	47	35	29	15	21	25	7	19	12	29	5	10	31	10	40	25	1	29	15	3	25	44	21	28	16	14	11	8	47	1	16	17	4	36	9	8	20	19	9	14	40	20	46	49	0	10	38	19	47	37	31	21	46	38	32	46	31	6	16	31	37	31	21	26	43	3	6	2	45	8	15	29	9	45	41	9	8	43	23	9	42	13	33	40	47	30	4	39	
43	19	4	48	9	28	25	23	44	19	24	38	5	23	5	22	15	8	6	38	22	18	47	20	16	6	43	29	6	4	16	27	30	19	26	14	20	3	14	8	1	48	46	9	45	21	43	41	7	4	43	28	30	9	44	21	13	25	15	36	34	0	0	4	22	38	30	48	13	2	5	37	36	1	23	3	22	47	26	46	27	38	15	14	27	16	49	0	5	2	36	27	1	20	0	32	4	21	20	14		|	3	41	24	25	27	23	45	15	31	20	11	29	30	41	43	41	11	13	47	24	8	38	46	43	12	33	4	4	8	42	1	16	41	23	19	36	2	9	20	18	22	30	8	31	16	2	46	34	22	20	4	38	46	30	2	11	10	47	27	0	37	46	0	26	13	18	19	5	49	12	31	20	43	30	11	47	35	7	27	47	17	40	22	6	22	13	19	38	8	26	18	29	27	0	6	16	36	27	3	16	
38	12	21	46	13	4	41	45	22	1	30	42	24	39	1	34	29	20	15	17	39	34	23	47	23	45	19	48	24	6	33	7	1	26	28	21	33	2	20	9	25	31	39	23	7	31	40	10	37	0	8	46	14	7	16	12	19	40	17	4	16	7	15	17	39	49	29	6	48	7	26	5	45	38	26	39	15	16	12	26	1	19	27	29	28	12	30	29	46	49	3	16	2	32	18	32	38	11	19	33		|	4	5	9	7	5	23	20	38	49	14	41	37	44	10	41	25	20	43	20	16	33	41	32	48	25	38	26	6	37	27	36	12	30	37	7	12	27	7	2	47	2	2	35	20	36	4	34	43	45	39	20	19	0	17	48	32	39	27	42	41	38	15	46	26	29	4	42	11	38	12	39	44	33	10	11	3	16	8	47	22	44	37	32	42	43	13	3	40	23	30	32	34	2	8	10	0	14	27	8	42	
43	1	31	14	0	42	12	24	22	35	29	9	18	16	2	38	44	16	13	22	19	15	12	37	21	22	7	9	15	29	6	5	24	29	48	2	20	42	38	9	32	49	2	34	24	15	35	47	21	14	6	34	8	8	31	44	8	29	4	2	1	30	31	4	3	42	47	38	21	8	13	4	38	43	18	16	47	24	6	7	48	8	24	9	31	22	2	14	0	41	19	21	36	25	24	15	23	12	1	7		|	30	11	49	36	40	2	4	32	49	34	47	21	25	8	44	46	35	5	15	47	11	27	30	45	21	22	30	15	15	2	27	8	30	15	13	7	24	19	33	6	17	43	26	13	22	42	13	27	9	47	4	49	29	19	40	15	39	3	26	30	15	18	21	44	5	36	12	26	12	5	41	5	13	5	8	31	49	49	43	3	8	12	10	15	36	30	29	39	34	2	20	26	19	5	3	3	18	32	10	31	
38	18	23	34	32	17	24	19	33	31	40	18	17	6	25	35	38	13	12	30	38	8	30	46	45	8	48	22	29	49	39	2	12	19	48	5	14	24	48	30	39	33	30	27	31	47	43	19	24	49	30	17	44	31	33	30	24	38	33	46	16	21	28	19	40	26	46	15	8	18	38	17	23	7	3	35	9	13	3	12	5	10	9	6	0	46	40	4	10	21	36	17	22	10	15	40	42	9	39	15		|	1	18	46	17	12	34	43	5	21	27	16	6	9	1	46	38	30	48	5	1	8	18	37	44	44	19	0	14	32	32	36	11	28	18	31	10	30	23	41	5	10	49	2	47	4	33	2	24	15	32	48	29	28	45	23	26	23	30	20	2	36	19	44	24	30	47	42	22	44	36	6	0	28	19	49	15	28	27	45	6	37	41	4	34	45	24	37	5	22	9	8	16	21	31	21	31	10	27	9	41	
48	40	14	9	24	37	44	11	16	42	29	3	3	37	9	25	3	19	2	42	16	11	38	32	19	28	22	12	49	39	4	46	29	16	47	48	36	31	19	19	24	39	35	46	21	35	43	16	18	1	20	8	26	28	40	28	17	17	7	18	34	0	48	46	19	3	35	20	5	14	16	29	45	8	40	14	14	13	19	49	14	14	11	27	43	46	9	14	31	49	10	6	22	4	13	18	28	22	4	30		|	1	34	27	24	41	6	4	47	24	37	26	27	21	8	4	48	18	49	44	27	40	4	27	9	40	47	41	12	8	49	18	7	45	41	42	24	1	37	39	43	8	13	16	30	7	24	42	8	38	27	3	1	20	21	30	43	43	40	18	12	7	41	12	19	21	37	25	25	41	37	32	20	39	48	1	42	8	45	31	23	48	30	16	31	35	9	47	8	35	7	40	8	37	6	48	48	6	6	12	8	
3	22	10	33	32	44	32	10	6	13	47	32	36	26	4	41	27	19	42	40	35	44	43	23	12	14	41	7	11	35	5	49	27	35	8	4	16	43	11	10	7	40	46	10	47	12	41	7	47	36	49	10	3	45	45	5	24	33	46	8	41	40	22	30	23	47	28	37	16	13	13	0	43	40	20	34	17	26	1	32	10	27	34	42	26	22	8	16	33	15	13	31	43	1	37	22	31	7	6	13		|	47	40	40	30	4	32	27	24	41	48	33	10	26	29	0	2	44	43	6	49	38	39	9	36	48	14	42	13	21	6	7	19	36	47	6	38	28	25	36	26	43	28	10	23	11	22	11	15	44	24	15	28	7	41	48	31	41	9	46	33	27	43	38	6	46	19	36	3	28	43	30	26	42	26	18	9	16	47	16	26	9	24	41	45	23	2	2	2	22	25	19	15	17	37	44	27	32	24	1	24	
10	42	49	21	33	3	29	46	42	21	46	12	10	49	1	32	40	25	19	49	48	10	27	41	27	46	3	8	13	17	19	31	3	45	1	45	35	13	49	49	35	37	7	28	13	19	21	10	29	11	39	29	23	12	15	39	48	9	33	41	47	9	36	48	21	28	14	12	21	32	39	47	38	48	45	2	48	38	43	23	6	45	18	3	6	19	32	4	26	3	17	19	37	10	41	45	23	38	44	21		|	24	16	46	22	44	20	9	20	2	16	46	23	0	7	29	12	19	23	2	30	2	43	49	3	9	21	26	2	17	40	3	23	5	27	34	22	9	44	34	5	16	8	31	7	40	10	45	22	37	26	29	9	26	14	28	48	38	41	15	40	18	4	6	47	7	44	11	33	6	9	16	41	27	4	22	15	36	1	37	6	12	49	17	47	25	18	27	41	8	38	31	40	45	31	7	44	25	41	42	47	
27	12	34	42	34	24	13	2	48	1	37	45	45	4	3	36	49	8	30	46	36	32	7	10	6	8	17	36	4	48	30	49	12	10	27	2	45	34	6	42	12	46	15	38	16	27	24	49	17	7	8	38	5	27	15	2	1	48	31	30	3	31	41	35	46	11	33	4	42	49	30	17	38	27	30	19	36	40	36	5	44	44	49	18	30	27	29	18	38	24	9	46	46	6	7	1	35	12	4	15		|	14	9	2	41	2	26	28	10	8	45	9	32	8	26	18	14	20	47	46	14	33	28	10	1	32	22	0	24	16	18	41	24	7	3	30	20	6	45	30	37	37	23	46	12	15	41	31	41	34	29	10	7	15	19	25	12	29	31	3	0	27	20	47	17	26	8	40	37	34	0	17	37	22	10	9	35	39	32	25	26	27	41	19	23	15	13	30	11	40	12	11	28	30	47	20	13	47	28	1	37	
32	35	39	6	36	4	32	13	14	16	11	35	36	29	14	40	19	44	11	4	35	46	42	12	33	17	29	25	27	47	42	20	33	15	37	28	40	37	25	17	4	6	43	35	12	8	32	29	38	29	29	27	15	4	14	42	8	35	27	21	22	28	43	1	46	44	43	10	33	3	36	26	35	39	16	7	0	8	41	42	3	47	7	28	0	9	18	5	28	22	40	26	11	37	28	27	5	37	16	49		|	48	49	39	31	19	17	24	17	47	40	43	47	42	26	43	32	36	29	8	17	31	45	12	33	25	6	29	33	9	45	28	42	7	43	25	36	34	35	9	16	10	45	15	7	46	41	7	10	22	1	36	46	8	27	2	26	27	15	7	45	4	27	0	31	5	30	44	25	29	33	16	3	18	48	16	6	41	25	16	17	22	19	42	42	31	15	49	18	2	28	47	3	33	5	43	9	34	33	22	38	
11	23	26	24	49	40	10	24	8	39	33	27	48	49	32	21	38	27	39	40	49	30	1	19	34	48	39	41	31	43	43	38	48	15	6	36	30	31	47	48	35	46	38	5	49	40	6	46	13	42	45	48	25	39	1	36	4	9	23	41	34	31	4	2	33	43	42	32	3	6	18	2	25	3	8	10	4	28	4	16	31	37	7	37	1	48	28	33	9	19	23	44	44	27	44	27	6	46	36	14		|	5	33	43	40	48	14	24	36	11	0	46	0	28	11	43	6	22	0	16	11	23	11	39	49	11	4	21	43	48	12	23	25	26	8	36	22	36	42	14	2	15	4	46	44	13	1	49	48	7	8	33	28	6	2	20	31	19	36	38	2	47	8	18	30	13	35	24	5	27	22	20	5	8	2	22	48	47	41	25	3	35	31	8	33	48	30	9	26	31	6	13	20	2	37	32	21	23	27	25	46	
45	49	41	38	49	12	2	22	32	16	1	28	43	11	48	25	15	24	5	48	11	44	28	6	17	25	47	47	1	30	19	5	44	14	18	19	5	29	13	33	22	49	25	48	28	15	37	8	19	29	48	28	37	17	2	20	0	41	43	37	28	40	18	29	28	15	17	29	23	33	43	12	49	37	13	5	4	41	17	18	20	34	14	20	36	28	19	36	27	29	15	46	35	41	48	1	27	11	33	15		|	27	21	48	0	41	23	5	44	10	23	27	39	16	34	18	46	37	49	40	41	14	49	34	27	23	47	3	14	22	47	31	7	22	49	21	15	8	18	36	3	33	40	8	5	12	11	47	46	12	40	27	7	13	16	12	44	19	33	42	11	43	36	45	42	41	31	17	5	4	2	6	29	22	46	10	29	20	36	2	19	9	13	26	40	18	39	17	13	34	23	49	15	1	7	33	0	13	24	34	10	
23	32	20	15	21	48	23	23	3	44	7	36	19	16	44	28	33	34	20	11	4	46	6	41	32	0	40	4	40	36	48	33	9	27	39	46	39	39	14	0	35	42	26	20	20	38	20	8	13	6	8	43	26	27	21	33	49	42	45	35	10	5	11	0	13	3	23	17	4	47	37	48	13	15	16	1	20	23	26	4	2	32	25	4	34	27	3	19	36	8	40	10	36	13	40	39	48	1	10	22		|	31	30	32	17	29	40	16	4	34	27	38	28	1	43	34	9	27	29	33	27	4	19	32	2	6	20	40	39	8	47	31	8	41	41	24	2	6	41	36	4	40	38	25	37	4	12	46	20	31	3	43	49	10	24	24	3	26	24	1	38	20	14	49	48	35	36	40	43	33	37	30	13	21	45	5	25	23	14	25	28	47	42	32	44	4	16	28	29	8	3	31	46	18	20	48	36	30	9	34	32	
6	49	7	22	9	32	11	3	9	49	20	3	11	24	8	35	3	43	6	35	10	18	19	21	3	17	41	38	42	4	36	31	0	46	2	2	41	40	4	15	8	20	1	26	26	23	37	15	18	34	37	8	45	19	28	10	13	36	33	29	18	21	38	42	10	41	1	34	27	16	21	17	13	20	2	16	2	17	46	38	17	38	8	7	35	42	26	26	41	39	42	33	48	46	33	48	38	40	1	18		|	22	21	18	11	45	8	37	3	24	34	28	14	0	18	45	17	32	16	37	39	13	5	26	44	45	13	22	48	14	30	19	46	25	0	7	49	26	7	34	27	29	7	33	33	3	5	9	26	27	16	35	15	47	24	36	44	16	3	27	6	39	26	37	4	23	3	0	4	0	42	17	36	6	8	27	24	10	31	32	1	8	22	13	16	43	9	7	20	12	24	20	24	18	1	29	9	3	9	21	11	
35	43	13	16	10	37	37	4	46	37	24	33	16	23	34	32	1	23	21	19	49	16	12	48	33	24	2	47	28	4	35	2	13	45	32	21	44	46	11	30	34	22	13	34	7	21	18	43	1	22	31	44	20	2	22	48	29	1	1	16	19	30	18	37	14	41	31	19	13	24	7	6	36	39	3	17	2	49	1	8	37	19	42	7	28	6	25	9	3	3	14	9	49	8	49	22	44	47	21	12		|	34	11	8	8	35	7	28	15	41	27	34	24	43	9	38	47	4	14	44	20	21	37	42	5	1	48	32	11	30	17	30	12	26	3	11	46	24	27	19	24	41	16	14	29	27	23	49	23	6	16	34	30	8	42	12	6	37	3	29	13	39	4	15	17	19	30	44	31	41	11	5	4	37	37	39	15	11	22	46	33	46	24	1	17	30	45	26	19	18	10	5	16	5	42	9	45	2	48	49	19	
31	28	45	0	44	32	49	30	20	42	16	20	33	28	4	47	14	48	26	1	4	13	16	27	13	16	22	22	33	35	10	40	30	43	27	6	41	25	2	46	6	28	37	43	34	30	1	10	34	44	9	37	0	42	27	28	8	47	48	34	33	45	22	17	16	42	19	18	33	43	17	30	10	47	16	21	14	22	24	11	5	36	18	26	20	4	49	1	24	21	0	21	8	33	34	36	41	42	18	19		|	35	23	25	49	40	18	31	28	2	21	7	23	25	3	9	16	3	41	46	1	0	39	9	33	33	49	12	27	13	25	49	6	22	35	24	5	17	6	6	34	4	18	33	25	42	20	13	36	5	1	40	17	40	42	5	1	22	9	26	12	24	36	36	49	19	44	28	44	23	28	47	29	18	34	35	35	12	10	22	38	46	16	29	34	30	33	18	45	41	20	27	30	28	21	49	39	43	34	49	48	
4	35	46	4	9	19	25	29	31	19	4	7	1	8	26	11	47	5	45	5	49	42	22	26	45	10	33	30	47	24	6	47	6	5	45	17	38	32	10	21	11	10	13	26	38	45	4	27	21	7	41	14	14	8	13	23	45	20	13	47	1	44	18	12	42	3	0	48	44	9	6	3	20	26	30	25	37	13	29	45	23	4	47	41	32	23	8	5	40	1	29	11	36	41	29	33	33	10	15	8		|	31	48	29	10	38	48	8	31	21	5	45	30	47	38	7	19	23	17	19	28	4	22	42	28	26	24	11	4	15	14	22	32	10	39	22	5	47	39	46	43	25	27	42	45	33	2	47	12	41	40	31	42	7	29	37	17	28	17	47	16	6	22	48	25	49	30	41	18	13	45	17	10	45	1	31	10	23	47	42	42	5	7	33	4	31	8	28	35	8	46	10	43	44	36	47	37	28	1	41	11	
47	49	19	10	15	6	47	11	19	23	29	15	41	30	1	35	38	14	15	39	25	8	0	39	21	42	46	39	32	7	41	24	35	6	39	32	40	10	12	44	18	5	23	28	41	43	25	26	35	43	9	18	18	1	33	35	24	39	44	4	35	20	49	5	30	49	35	49	46	32	36	17	36	23	26	37	8	36	38	43	26	44	27	32	24	49	0	31	8	38	23	4	1	20	29	29	2	19	26	49		|	27	48	48	2	28	2	38	31	35	19	3	22	18	11	35	27	18	30	9	7	13	27	25	30	11	18	15	42	26	7	15	7	30	40	49	39	0	4	2	22	37	38	32	13	26	11	2	38	25	4	16	16	30	20	27	25	38	3	10	4	14	43	2	16	9	32	37	5	0	31	14	13	16	27	35	26	0	47	42	32	10	3	26	2	15	41	36	42	35	33	12	48	20	32	41	8	39	43	30	0	
5	14	21	9	29	25	28	12	39	5	32	34	42	43	32	45	11	9	34	17	9	41	43	30	28	31	45	34	4	23	38	0	39	27	8	46	38	12	34	46	0	48	49	1	22	27	40	40	26	3	42	4	27	49	3	23	27	35	9	31	9	27	28	16	3	39	1	11	13	8	2	13	1	21	5	7	43	13	10	41	3	39	33	44	6	29	22	23	24	47	2	5	10	19	27	34	6	36	49	37		|	13	8	48	29	32	25	45	0	28	7	49	44	44	13	25	29	10	40	38	8	17	15	24	43	44	35	29	4	30	22	14	29	22	21	26	18	35	37	23	13	31	39	19	44	41	1	48	15	10	2	30	28	36	0	31	44	24	12	36	5	42	12	7	21	28	33	22	18	18	2	17	38	13	13	29	17	2	4	13	10	0	38	18	17	42	47	22	35	1	18	45	15	29	36	8	16	32	49	21	16	
17	36	16	23	0	28	21	33	39	21	49	32	1	23	14	48	4	5	40	6	24	15	39	12	1	31	16	49	9	37	10	37	6	26	27	2	11	28	21	44	38	22	44	45	47	38	11	27	42	45	49	2	26	23	4	17	42	19	42	0	14	10	39	24	2	12	28	24	6	35	32	3	7	19	45	25	45	34	5	3	14	27	13	26	10	44	14	28	47	49	14	6	18	18	19	17	8	0	40	14		|	2	43	2	2	8	7	19	2	19	43	48	32	16	14	6	38	2	16	27	45	5	32	21	36	3	10	0	26	18	20	16	21	40	1	30	3	39	26	28	16	33	16	12	16	37	23	18	31	12	11	10	33	8	42	45	28	30	13	48	11	45	17	36	49	31	17	45	29	34	37	48	31	42	1	11	18	33	3	1	45	13	10	34	20	18	16	12	5	19	43	42	39	19	10	1	25	23	38	33	44	
49	13	30	31	34	28	33	24	43	19	10	39	15	35	25	0	1	1	15	40	9	26	42	2	7	20	23	20	8	5	16	10	0	48	21	32	27	17	0	32	27	25	19	8	24	2	1	11	22	22	7	29	13	29	37	26	1	46	40	30	13	41	46	14	22	31	3	48	22	27	13	24	2	6	7	47	35	23	5	12	10	34	23	7	14	41	17	34	26	11	10	12	23	49	6	28	1	43	33	47		|	26	22	1	31	46	33	1	19	16	32	41	41	33	43	11	49	14	34	16	34	24	10	21	11	13	7	5	2	38	11	47	13	1	38	31	9	45	9	33	22	18	34	41	24	36	34	1	39	4	35	43	38	7	25	3	3	18	18	1	19	35	40	25	17	37	9	30	34	13	15	34	46	36	43	30	20	47	25	30	26	49	30	11	34	15	5	43	47	10	10	0	43	5	41	11	32	41	5	33	45	
20	8	9	48	41	1	45	49	48	18	5	17	4	12	34	7	26	31	48	10	15	29	0	40	22	11	43	36	41	19	20	48	8	2	12	4	9	10	28	20	5	15	27	35	18	47	48	42	6	34	29	38	2	49	48	22	36	34	49	12	45	24	44	30	41	24	15	40	38	18	33	45	14	18	40	25	46	44	10	36	45	23	6	48	26	17	47	18	17	45	47	36	18	12	43	33	43	33	1	20		|	25	32	13	42	17	4	0	33	31	8	20	17	11	24	3	37	22	7	33	34	23	21	49	17	18	28	35	38	10	22	21	31	27	26	9	27	24	35	26	9	8	19	15	25	26	40	19	40	2	25	31	28	8	20	41	18	18	24	21	4	20	34	15	28	7	34	31	6	3	0	7	48	16	3	5	20	2	34	18	10	37	15	13	19	38	11	8	34	34	43	47	16	49	11	11	6	10	38	27	40	
40	14	41	17	32	13	2	31	20	39	10	7	10	5	47	21	49	42	20	6	5	7	24	42	48	12	16	49	34	34	10	11	45	36	4	3	29	41	13	39	48	2	3	45	36	30	30	5	23	3	38	18	41	49	34	0	43	38	47	0	27	43	10	30	2	21	19	44	36	25	21	17	11	45	30	9	17	25	6	35	42	32	17	14	1	22	9	41	7	14	15	14	38	17	37	29	49	37	19	39		|	34	15	30	9	13	15	19	20	17	40	42	47	28	13	23	23	12	4	19	23	38	3	18	23	24	14	30	46	2	39	14	1	3	11	38	19	33	41	18	39	45	0	32	29	38	1	18	14	47	1	32	12	45	38	34	28	34	30	43	46	23	36	3	18	44	19	38	27	35	6	31	48	44	8	16	7	15	16	41	12	11	36	15	27	32	23	22	28	38	21	46	41	13	25	27	21	23	37	44	13	
26	39	39	14	19	20	3	38	41	7	3	32	29	11	27	8	20	19	1	9	19	37	45	41	16	17	26	9	21	40	36	36	43	41	43	20	15	47	16	35	29	7	46	38	32	48	45	31	28	37	43	10	37	27	20	48	35	30	41	21	10	6	41	27	42	5	10	36	0	18	11	26	41	1	17	1	17	35	34	36	20	20	28	22	2	21	27	43	18	19	10	29	43	49	28	23	47	21	46	23		|	34	3	40	40	25	6	25	8	33	24	44	21	2	33	14	1	39	33	27	6	4	31	21	16	11	28	41	6	20	2	15	38	10	14	34	12	43	20	42	11	8	31	1	27	34	36	23	12	38	31	40	35	29	43	44	41	25	22	34	24	1	15	19	8	9	39	29	19	8	42	42	48	45	11	0	3	40	30	11	40	11	25	44	5	11	24	31	14	47	21	16	21	16	36	12	3	42	44	14	49	
18	47	4	48	46	22	49	9	40	14	9	42	43	6	14	44	30	30	46	30	19	48	39	48	11	40	4	37	5	0	19	48	44	48	25	39	36	4	40	1	26	33	42	48	23	14	28	40	38	30	6	9	12	49	29	48	7	28	12	17	13	3	18	30	18	40	49	31	39	25	31	1	5	32	49	12	32	43	36	5	21	3	3	28	9	33	32	4	15	1	36	17	8	35	38	32	24	8	45	8		|	2	5	39	45	0	43	28	18	29	5	45	42	47	22	42	38	26	14	2	8	35	40	17	5	35	44	28	38	40	2	46	4	47	35	35	26	1	41	41	25	24	48	30	40	34	12	6	1	29	37	37	4	20	6	0	29	2	14	22	32	41	25	10	41	49	25	25	3	31	27	46	23	27	1	14	39	44	41	43	15	5	11	25	16	5	4	23	29	4	36	28	27	23	44	25	15	40	19	18	15	
22	26	26	22	1	22	16	47	32	46	16	11	41	32	20	17	16	36	22	41	22	34	47	23	31	5	30	40	5	23	30	20	41	11	0	19	32	14	10	20	1	12	38	3	0	38	0	47	40	43	34	35	47	40	29	47	35	38	4	24	47	23	27	4	30	10	49	27	42	2	12	34	47	18	25	31	22	36	45	38	29	26	6	45	40	18	12	11	41	46	41	31	35	33	4	45	4	20	39	37		|	0	27	40	30	31	29	7	24	40	41	27	17	5	15	45	29	32	48	25	0	44	41	16	7	36	34	14	4	1	2	44	6	0	8	24	12	8	42	41	17	18	41	7	24	4	9	3	19	46	41	49	5	30	30	31	23	21	26	3	44	1	1	48	14	35	45	7	38	34	42	14	12	43	31	21	9	35	10	20	3	41	33	38	49	34	26	44	45	1	31	27	32	38	30	33	43	12	19	5	37	
10	43	36	8	7	13	21	40	2	35	17	17	24	4	32	22	5	11	45	3	8	19	15	36	38	40	35	46	36	22	32	31	18	24	10	34	33	20	16	46	0	24	3	31	3	12	0	30	1	38	36	48	17	14	7	2	45	44	13	18	3	35	45	28	8	12	48	28	32	6	16	16	43	27	12	17	37	29	14	24	15	27	41	19	6	47	35	0	27	44	13	8	17	36	23	41	2	29	44	33		|	27	8	21	31	44	21	26	20	42	16	40	48	36	44	8	24	38	20	46	26	18	41	40	3	29	40	40	42	10	38	46	48	35	27	7	13	27	26	27	42	37	17	1	40	8	43	19	46	12	13	9	25	34	4	3	27	46	0	32	15	10	41	48	22	31	35	32	48	13	43	49	37	44	35	18	23	3	16	30	18	29	36	12	0	39	39	6	27	41	28	6	3	2	42	24	22	12	34	14	18	
10	34	12	18	32	19	25	2	37	16	42	5	39	29	37	47	27	43	34	24	31	6	0	26	10	45	13	42	45	7	32	24	46	37	29	30	19	8	42	36	48	3	15	18	13	39	35	48	49	25	23	44	10	42	32	16	12	30	36	28	27	20	12	23	1	15	31	29	10	9	44	24	4	46	2	39	8	36	42	19	7	0	33	16	38	12	35	9	28	8	40	41	44	15	20	18	22	46	42	26		|	45	46	43	25	45	44	28	14	49	43	6	8	10	9	42	11	18	37	6	22	20	5	3	12	38	40	13	47	5	33	8	44	35	38	26	14	44	18	9	16	1	25	42	26	24	9	46	31	47	7	31	6	14	26	15	2	46	39	25	36	5	16	33	36	11	49	49	48	40	15	39	23	9	41	35	1	0	37	5	47	6	30	12	20	29	44	35	18	42	22	2	3	46	14	5	11	48	29	38	31	
27	31	31	27	32	33	11	31	36	49	5	38	45	34	26	14	25	28	17	46	22	39	19	12	33	0	48	29	25	49	41	39	14	5	20	32	47	48	26	19	15	28	38	30	43	46	11	18	11	35	12	11	24	1	47	28	44	8	3	47	37	5	48	26	33	16	22	13	35	42	3	15	2	13	12	32	17	20	44	14	23	47	27	41	49	32	16	2	41	41	30	49	47	6	8	18	4	9	16	47		|	41	14	8	41	27	13	40	23	42	39	21	11	6	27	28	19	19	30	46	27	4	42	4	2	11	17	46	22	30	37	17	49	38	33	2	48	10	25	46	41	48	22	24	46	30	2	4	24	30	16	48	13	17	20	14	21	13	18	13	14	39	14	17	5	35	27	43	46	9	41	33	9	8	10	34	24	38	41	49	38	43	30	19	38	16	42	24	38	46	37	11	20	12	33	42	32	41	31	21	47	
6	24	17	38	2	44	42	9	1	41	20	39	29	19	35	6	5	41	37	0	38	5	43	45	41	15	9	1	4	28	27	42	27	47	35	40	31	16	2	3	39	4	27	43	35	21	38	46	32	14	36	10	33	8	11	17	8	1	45	38	17	28	20	31	38	23	48	26	0	47	16	8	4	49	23	34	20	44	47	27	23	7	25	43	22	36	35	21	35	36	14	29	26	17	18	6	34	35	40	33		|	10	5	37	32	36	31	39	27	3	48	38	24	33	41	28	21	7	27	2	37	42	0	15	1	48	44	37	2	6	15	2	14	12	46	45	36	17	17	25	17	39	46	45	39	13	49	28	39	33	35	1	47	25	16	23	26	27	44	18	45	38	16	6	8	14	35	27	16	9	22	26	39	47	38	9	16	21	41	22	28	9	16	44	13	26	23	46	34	22	35	31	23	43	41	35	35	13	48	47	40	
38	27	12	35	14	1	17	43	20	6	22	48	28	43	45	49	21	10	2	46	20	2	27	7	25	15	17	13	33	14	9	1	3	32	1	30	28	7	3	9	30	44	16	24	38	12	23	1	39	22	38	33	32	19	30	27	33	43	9	1	11	10	22	31	49	38	44	7	42	6	43	10	12	37	23	13	13	43	42	11	0	38	15	29	21	39	48	17	43	39	48	18	20	26	2	47	0	46	22	35		|	10	33	47	42	28	13	14	17	8	36	6	30	39	47	15	29	0	24	2	15	18	40	16	31	21	22	10	31	7	3	40	20	35	34	10	46	3	32	17	23	44	39	38	17	4	17	39	39	24	19	11	16	10	11	40	29	16	37	9	15	14	14	16	40	21	48	7	48	15	7	5	36	3	49	25	4	30	5	21	10	2	29	39	40	43	13	12	0	14	25	39	42	32	33	14	45	31	43	44	44	
26	32	45	46	7	22	11	13	29	48	15	19	37	14	14	15	21	7	46	10	8	22	40	20	37	47	30	22	7	23	45	42	44	20	5	38	15	40	10	23	34	18	13	48	14	32	41	42	30	14	15	32	21	24	40	27	20	25	20	49	17	12	9	23	43	34	7	25	48	17	45	32	44	2	3	0	34	44	8	13	18	15	42	13	39	27	12	37	13	46	34	18	12	43	5	36	31	15	28	35		|	33	17	0	41	49	19	13	4	19	28	23	40	9	4	22	14	2	33	40	10	12	19	23	48	8	34	15	2	0	30	27	25	24	18	3	22	0	44	37	31	10	39	27	34	43	48	37	22	37	18	13	41	47	13	39	26	23	22	37	1	30	7	44	32	46	17	47	41	36	18	43	27	23	45	31	3	12	12	25	35	33	7	42	31	24	38	21	34	46	18	33	19	43	25	30	13	11	16	35	47	
43	44	17	15	11	48	45	5	20	32	7	24	47	32	36	26	17	41	36	43	16	41	18	14	45	5	16	24	10	17	11	48	49	27	48	26	34	44	29	11	29	35	2	18	48	23	44	8	48	25	28	2	13	5	27	27	13	20	34	29	29	10	29	48	29	17	40	16	21	42	14	25	34	46	33	15	42	45	39	17	5	20	33	0	25	45	42	35	35	19	48	8	29	25	32	33	6	19	6	0		|	7	41	26	7	27	18	18	18	41	22	41	23	2	9	32	14	37	47	9	43	34	44	43	34	23	13	42	16	14	22	9	9	5	35	23	24	41	22	13	42	24	47	34	31	25	48	12	26	19	9	21	33	4	36	44	11	44	12	48	15	39	1	23	43	49	26	46	32	28	37	31	49	48	30	25	23	13	9	5	39	45	5	33	13	26	13	23	19	15	24	19	18	1	19	44	23	29	10	42	45	
17	22	23	2	8	35	9	1	40	7	4	5	36	1	47	45	32	47	25	23	33	29	45	14	43	16	21	34	40	3	35	42	8	3	19	2	16	14	12	12	29	43	32	49	48	46	25	33	27	32	23	8	15	23	10	5	11	43	21	14	31	34	13	41	2	5	1	43	15	12	38	12	6	47	13	10	48	32	25	8	40	6	11	47	36	21	4	47	46	39	6	24	8	43	41	32	2	21	20	40		|	2	31	9	32	40	33	36	26	46	17	10	3	29	44	13	9	35	11	8	14	36	41	49	27	1	34	19	21	14	38	43	42	8	6	42	8	29	43	13	40	12	39	49	19	34	16	26	14	33	5	18	5	40	46	31	4	25	45	10	22	20	11	18	49	35	11	26	38	18	6	44	41	17	18	12	6	19	45	39	47	39	37	36	49	46	10	36	7	45	4	42	24	28	34	48	32	17	48	1	42	
16	3	13	34	5	7	21	24	16	26	42	2	28	21	17	19	18	40	48	13	12	18	41	4	28	2	24	0	27	30	11	46	39	24	46	39	24	48	3	3	49	9	40	18	27	4	20	1	28	21	42	21	34	1	22	0	6	30	44	11	11	9	13	19	9	47	11	25	15	41	44	2	34	43	15	32	6	28	14	11	30	48	31	35	12	17	44	4	0	21	30	36	17	23	38	40	24	49	13	29		|	39	6	34	22	43	33	15	8	4	23	46	11	42	34	23	0	32	24	27	46	1	18	17	30	43	8	24	15	30	44	36	33	41	43	18	46	30	44	8	4	5	33	6	34	10	21	9	21	7	38	31	6	12	17	8	46	47	20	19	31	27	4	41	6	26	16	5	38	46	29	26	28	41	6	12	17	6	30	12	38	33	40	45	17	21	27	49	40	32	23	3	43	21	8	43	43	4	21	13	48	
10	19	37	24	41	18	36	13	42	48	14	26	31	46	49	39	21	21	7	39	44	41	21	4	0	18	2	12	36	47	24	36	12	5	40	5	29	22	0	36	22	14	23	10	14	36	22	38	1	42	31	2	49	21	6	4	16	27	9	16	28	42	33	25	19	5	38	18	43	28	21	36	8	41	0	0	1	38	38	25	41	47	11	37	14	11	42	3	2	7	7	34	19	12	4	11	21	20	46	38		|	10	38	15	41	30	27	20	41	39	20	37	42	48	12	21	1	30	1	23	18	15	13	18	6	38	14	18	22	34	15	26	19	19	40	47	35	49	19	1	42	11	40	0	36	36	26	14	21	40	27	11	35	41	36	24	39	38	16	32	13	38	49	36	12	45	40	21	11	19	9	44	3	40	45	7	3	25	36	35	45	20	41	25	16	21	12	28	40	45	12	29	8	8	31	35	26	17	15	21	6	
15	21	25	29	43	1	23	29	31	33	6	8	27	40	40	45	23	42	29	43	14	30	16	9	8	11	38	35	36	41	14	46	44	43	4	3	49	42	37	49	32	2	28	39	16	16	20	26	48	0	27	3	24	32	32	14	7	16	15	6	49	44	26	49	18	7	47	37	19	17	27	15	28	0	27	12	0	9	42	48	42	12	43	33	10	16	8	22	7	7	20	28	8	42	34	27	24	48	35	18		|	6	13	13	21	19	48	8	16	40	33	32	6	28	34	27	2	41	2	5	48	12	34	38	22	40	35	15	30	5	8	19	49	4	2	15	27	35	6	20	2	29	6	18	14	26	28	7	48	48	21	30	9	38	22	14	32	9	7	2	13	27	40	4	43	6	39	16	13	28	19	49	41	3	7	47	48	40	47	47	24	34	1	39	1	32	35	16	20	28	17	38	34	22	45	1	45	22	22	47	16	
16	26	11	37	8	32	41	34	46	23	45	31	24	32	37	18	12	42	23	24	23	1	12	27	44	6	48	7	37	3	34	5	43	9	25	17	12	27	43	30	4	17	33	23	25	48	32	4	37	47	40	29	35	13	6	3	27	4	32	43	43	6	7	32	41	45	44	0	7	18	16	39	26	4	16	41	2	37	46	44	31	27	33	49	38	35	0	28	49	37	13	2	11	16	14	25	2	47	0	46		|	0	19	21	16	22	31	13	0	28	2	12	47	44	35	16	22	38	19	42	28	28	32	34	11	21	3	10	8	9	26	28	6	20	49	3	23	46	27	1	20	44	17	35	20	30	3	46	15	32	40	6	24	46	28	4	15	11	21	46	11	22	7	32	27	0	14	17	9	7	44	42	22	33	22	47	7	28	26	42	43	14	48	26	42	9	29	27	23	0	10	40	9	24	3	49	11	44	44	44	43	
11	47	24	31	37	23	4	48	46	21	6	45	24	27	14	6	14	30	5	35	7	46	34	44	32	21	42	49	25	5	1	34	43	5	32	27	41	32	5	9	29	41	5	36	1	37	17	47	7	41	41	17	33	14	33	42	48	29	47	42	45	15	3	30	35	28	26	9	41	44	38	46	32	9	25	0	32	34	43	1	13	41	4	12	31	22	8	46	35	12	46	40	45	34	11	23	35	39	23	8		|	14	21	36	14	33	41	33	9	2	11	24	34	4	0	6	7	8	38	43	38	46	31	48	44	25	5	27	43	42	4	4	15	6	15	41	24	44	8	20	4	42	24	11	31	19	14	38	37	7	20	20	16	9	33	44	3	46	20	29	21	10	10	39	4	0	32	1	7	15	29	28	30	22	23	6	30	32	4	5	23	4	12	42	23	18	45	17	21	10	35	13	21	14	15	5	18	31	0	35	1	
38	5	10	40	1	46	7	27	45	32	43	25	9	46	41	25	37	33	27	39	39	26	0	37	27	24	36	6	48	24	33	14	41	31	38	11	11	41	10	49	44	39	22	4	27	44	25	26	12	44	12	4	30	15	35	8	17	0	47	20	3	34	14	2	30	48	38	11	9	9	19	24	2	47	23	25	13	39	13	19	41	9	47	46	44	9	21	32	4	5	22	20	6	44	41	18	29	25	11	43		|	10	0	6	8	33	22	21	2	48	5	14	46	40	37	21	38	44	12	49	19	34	10	40	15	44	28	16	49	14	42	2	46	32	29	36	3	4	15	28	22	36	12	30	29	42	1	42	33	13	22	36	46	13	42	46	45	22	22	45	42	38	36	44	48	24	33	41	4	44	6	35	2	16	41	7	9	16	37	36	12	46	35	34	15	9	16	26	34	18	36	0	39	4	46	31	44	18	7	5	3	
45	26	39	30	5	8	22	24	4	28	33	33	48	17	4	6	22	31	31	22	6	4	12	46	44	42	15	32	0	44	6	4	48	41	2	9	16	32	5	22	35	33	3	14	9	33	18	16	6	3	29	37	3	29	49	9	25	41	43	7	49	18	5	36	29	2	34	0	20	21	2	18	30	37	24	41	3	43	20	35	19	37	38	35	14	25	5	31	8	3	4	20	16	46	7	7	46	10	36	41		|	14	15	22	10	47	19	45	47	7	8	11	13	28	6	15	34	24	48	24	32	19	8	20	1	16	14	24	33	27	5	43	15	4	34	26	8	37	37	30	14	13	19	4	26	31	29	35	20	27	29	48	16	35	37	6	38	38	34	21	47	14	14	41	29	28	29	2	28	10	4	20	8	10	27	45	19	49	19	25	36	0	0	31	20	34	19	19	25	45	27	14	31	26	18	31	9	41	0	20	23	
8	18	46	24	32	47	2	38	18	11	29	6	15	3	0	18	46	22	14	11	34	37	27	29	31	34	5	2	10	8	45	45	39	19	18	24	8	15	28	29	15	18	49	24	3	24	11	28	33	27	16	33	18	9	47	38	18	19	38	27	5	19	8	10	7	37	41	30	36	24	43	35	22	22	3	49	46	27	4	46	29	45	19	29	0	7	42	22	40	34	35	1	42	9	4	17	24	36	10	10		|	41	48	19	18	41	36	45	6	27	30	22	47	10	3	15	44	1	45	33	5	23	32	36	38	4	39	22	22	0	45	19	17	34	16	15	2	31	3	31	37	9	33	18	14	36	34	12	20	14	11	33	3	12	3	27	42	32	21	33	41	19	12	0	30	44	12	0	20	44	15	36	19	21	31	14	26	47	39	9	28	49	38	12	9	44	46	35	9	5	5	47	35	47	32	38	36	42	15	12	28	
7	21	48	13	16	30	4	49	1	36	16	35	27	38	16	33	37	42	37	6	43	17	12	22	28	38	8	23	1	28	29	44	20	6	42	12	43	2	32	40	26	8	0	43	14	30	41	49	25	19	27	47	45	43	9	42	0	22	26	14	30	15	19	35	25	7	23	41	43	41	33	42	22	10	5	47	29	18	6	32	44	10	10	22	12	1	19	34	15	41	4	1	24	32	39	37	34	45	23	18		|	5	49	10	41	23	47	0	46	14	18	9	10	26	37	16	48	29	29	49	14	17	13	43	31	10	1	30	28	23	5	8	15	0	45	35	33	42	44	10	17	38	47	38	16	34	4	30	42	4	18	24	20	23	24	8	43	19	24	6	21	39	28	17	25	10	33	12	41	5	48	23	7	24	3	5	32	7	34	23	7	16	34	33	11	31	26	20	47	12	18	28	16	20	40	49	47	7	47	44	19	
7	17	24	20	37	42	30	4	15	26	37	40	11	41	46	29	4	35	47	13	7	25	38	31	35	10	12	4	20	19	39	3	30	0	5	46	20	24	11	42	35	28	2	1	0	46	47	14	49	30	35	1	47	9	16	29	36	37	1	43	37	47	19	23	37	38	20	22	24	37	39	32	18	34	37	15	24	48	15	35	14	33	33	43	42	2	9	26	13	12	27	14	14	20	46	39	30	13	34	17		|	40	43	32	5	28	26	27	24	14	29	37	19	38	17	42	21	7	23	19	8	39	16	4	29	12	20	16	38	45	37	40	36	33	6	8	39	4	31	46	17	9	28	9	5	14	31	44	11	26	2	19	7	42	37	29	9	43	29	33	24	40	49	29	24	10	41	26	37	48	20	17	33	31	3	33	40	2	0	14	44	10	28	41	9	37	36	40	44	28	27	21	9	35	31	39	39	10	44	29	43	
47	1	35	20	4	2	37	45	2	41	33	5	47	46	15	49	29	8	5	14	46	34	34	32	46	44	0	31	20	37	4	19	21	22	4	23	1	48	48	29	44	16	42	0	15	37	0	10	6	14	28	47	20	11	16	0	1	41	38	37	10	9	22	10	31	25	34	29	20	35	45	35	28	44	32	36	11	40	15	44	39	3	17	6	43	20	23	7	38	28	13	47	37	7	28	34	45	39	42	41		|	29	10	46	3	14	40	16	7	46	5	6	41	49	45	0	20	10	31	25	8	45	18	49	7	39	29	30	5	47	21	17	21	15	38	43	47	46	43	21	10	23	45	9	3	32	19	26	18	22	20	35	34	48	34	15	13	43	24	5	19	49	31	37	36	34	10	9	35	3	26	38	32	29	22	13	20	4	48	32	20	8	1	7	4	3	3	11	46	39	24	11	35	15	5	21	35	19	13	17	23	
26	29	31	21	25	16	10	33	5	45	30	41	7	30	9	40	17	24	20	25	36	6	46	19	15	10	42	46	45	47	21	16	5	33	28	12	0	38	38	1	27	7	30	48	28	20	30	20	35	28	33	31	48	28	19	29	11	4	10	36	33	19	39	6	11	7	21	6	6	40	26	19	45	28	17	7	18	37	9	28	3	26	16	26	39	33	32	14	12	26	3	28	43	23	23	13	45	48	25	38		|	13	39	21	37	20	41	4	17	9	3	34	13	36	32	47	47	2	42	15	0	12	33	18	20	27	45	8	38	1	21	9	9	26	8	31	7	12	40	24	17	16	24	11	17	34	41	29	11	9	17	7	49	0	31	28	21	30	11	15	9	20	42	2	1	13	31	30	15	4	29	17	16	15	44	35	34	39	8	39	22	38	40	17	0	0	41	37	16	15	4	22	21	10	14	36	8	41	22	29	20	
7	10	17	38	39	8	0	35	34	6	48	1	6	38	17	31	36	6	18	41	3	26	39	38	37	5	47	47	30	0	42	25	3	43	33	39	30	2	10	10	1	34	24	23	8	26	5	8	29	7	39	15	27	32	9	46	3	35	1	49	5	41	35	29	29	19	30	19	19	14	10	41	7	24	13	18	48	6	22	46	3	41	11	25	30	5	6	38	40	40	12	7	28	27	22	30	3	4	0	20		|	22	4	31	40	46	37	46	27	13	29	27	17	1	17	33	36	17	0	14	24	26	14	14	12	20	22	11	22	29	11	4	15	47	8	23	6	30	44	24	31	7	3	20	19	40	27	21	8	16	48	45	30	27	12	8	20	16	8	38	15	9	43	16	45	27	0	14	6	15	26	35	34	31	39	37	38	16	30	15	40	49	47	5	34	35	46	10	18	11	29	45	14	27	44	14	12	12	33	23	37	
21	28	47	11	6	25	27	13	41	35	26	35	49	34	22	34	34	25	33	41	30	9	2	19	29	31	36	19	36	41	38	37	24	0	28	15	41	16	24	15	23	31	5	21	32	7	48	43	40	46	16	1	2	11	31	40	47	8	42	36	44	20	16	43	1	3	46	49	26	13	26	13	20	13	24	7	35	38	5	26	45	43	39	40	10	1	12	20	7	9	20	40	43	14	17	0	8	20	1	0		|	26	6	26	5	30	29	14	36	40	20	19	16	15	7	37	11	21	25	43	29	19	23	3	6	21	45	11	48	32	44	22	36	30	3	21	43	35	44	43	28	28	7	46	24	48	42	38	28	16	44	31	31	27	43	12	45	16	36	43	37	47	2	14	5	1	25	41	17	49	23	2	30	11	0	16	13	5	22	17	5	46	44	44	42	25	41	12	12	41	21	14	6	15	12	11	12	3	38	20	36	
20	29	34	25	38	16	44	26	14	3	3	44	28	0	42	29	27	39	5	11	24	18	34	31	31	39	25	40	11	2	0	15	25	31	39	37	48	47	48	32	22	25	31	19	30	10	14	7	25	29	31	2	11	29	47	4	5	10	10	8	39	45	6	19	29	0	35	19	32	23	38	23	25	1	28	38	29	32	47	9	29	13	7	24	15	44	48	23	14	42	8	8	34	31	13	39	44	36	21	36		|	39	47	7	25	28	35	32	47	29	6	1	23	48	27	11	15	36	30	1	8	21	40	33	31	13	20	39	7	15	48	10	9	12	29	44	7	39	4	21	48	39	7	16	34	20	38	26	3	43	43	8	42	4	30	26	46	46	46	22	27	3	29	10	18	40	21	1	17	0	21	15	21	7	45	24	43	18	24	17	18	32	31	26	27	34	37	27	33	43	28	21	25	30	4	32	37	8	23	34	9	
41	1	35	12	24	1	44	38	10	34	12	3	5	0	42	9	44	39	47	45	45	48	11	7	43	38	31	21	13	37	41	44	36	27	31	23	31	5	35	43	35	31	32	49	45	10	34	39	26	8	1	9	38	16	4	11	28	31	37	32	19	25	31	32	21	25	28	47	45	43	29	25	45	42	11	3	38	14	42	36	18	42	33	18	2	49	44	5	29	0	22	20	37	36	43	1	4	8	39	0		|	42	6	14	19	22	30	22	25	34	12	41	34	33	31	4	2	28	40	39	12	6	48	43	9	29	36	29	18	13	47	36	8	2	42	11	12	34	42	39	42	2	16	11	48	22	42	23	43	8	31	38	6	17	0	25	40	16	29	5	7	20	23	41	34	2	19	48	47	31	32	11	31	23	2	0	13	21	19	44	22	43	47	12	36	20	39	28	38	32	15	10	0	45	37	41	31	5	49	17	49	
37	39	13	30	32	8	1	28	36	49	7	3	43	10	37	32	15	30	3	26	30	34	27	24	10	7	3	43	15	48	42	47	20	46	17	28	48	32	23	3	31	5	37	22	25	30	5	44	2	43	21	2	12	13	26	3	2	22	23	19	36	18	27	35	12	23	40	48	3	15	4	42	15	5	35	13	7	20	9	40	15	3	48	21	49	0	5	39	37	37	22	22	3	39	46	21	17	4	4	36		|	43	25	38	31	14	22	49	46	12	40	21	44	48	3	2	16	5	15	8	13	46	29	16	21	7	34	45	20	44	26	29	7	7	38	44	14	45	4	11	25	5	9	35	13	35	31	36	13	19	38	38	29	13	23	18	15	13	29	19	36	46	19	44	4	11	8	36	20	42	13	14	36	43	6	15	12	27	25	21	41	48	43	12	3	11	9	19	22	43	2	43	34	49	0	12	1	49	35	45	40	
10	14	19	33	7	36	47	41	24	22	1	39	3	44	44	5	12	4	25	44	14	21	42	46	2	28	44	21	26	26	44	36	39	36	18	48	10	30	43	36	19	0	31	38	7	36	12	28	0	18	29	10	8	8	3	26	36	49	18	1	38	3	11	20	13	31	12	11	15	4	25	35	24	20	19	14	33	13	33	44	21	11	15	43	24	18	1	45	1	18	32	23	42	2	10	2	4	5	26	28		|	39	25	19	38	12	37	22	3	20	25	11	33	41	5	31	44	18	25	32	13	46	40	24	38	13	23	7	6	22	40	46	29	33	25	17	30	9	35	5	49	36	4	14	22	0	42	8	14	31	23	27	10	35	10	10	11	10	20	45	25	11	14	44	16	20	46	37	39	28	17	24	43	40	34	9	15	26	25	15	39	46	44	36	42	14	9	8	7	14	31	16	13	27	29	5	31	21	26	25	26	
22	21	27	11	4	2	27	14	21	44	21	46	0	40	17	41	43	48	13	42	20	15	34	38	26	4	26	39	4	42	2	41	17	45	29	45	45	30	6	10	35	0	24	9	4	18	13	12	2	36	17	37	20	30	3	27	44	29	49	12	42	48	24	16	27	3	23	20	1	30	34	11	14	22	0	35	21	4	28	14	47	11	35	27	34	34	49	0	17	21	9	40	15	12	35	30	28	29	19	17		|	19	4	24	21	44	0	4	29	24	8	41	24	40	36	8	22	12	28	36	6	7	4	23	30	26	20	38	7	32	4	36	23	49	26	31	29	17	39	7	29	38	12	28	9	43	28	26	35	8	43	44	9	2	36	47	3	29	0	22	35	21	8	2	40	34	43	45	45	35	39	34	9	20	8	3	16	18	9	31	5	23	49	30	13	49	11	27	9	5	35	41	14	17	34	16	21	20	23	46	13	
1	48	15	27	17	19	27	28	9	10	28	26	4	11	31	33	34	1	12	45	41	48	45	40	17	9	19	25	2	29	9	20	25	30	28	21	36	15	49	36	10	9	38	39	30	25	48	22	6	26	1	12	0	49	36	10	22	46	25	24	43	20	44	20	42	23	20	1	11	0	47	8	31	1	48	25	33	7	8	41	11	33	16	31	37	35	5	39	32	0	8	1	32	49	23	15	40	0	22	49		|	39	22	49	10	47	6	8	2	32	28	8	7	38	21	18	37	27	29	1	45	12	3	11	49	16	23	43	41	28	15	16	13	38	19	20	5	32	26	30	31	39	44	16	15	9	46	28	28	33	49	32	12	49	10	37	43	12	14	34	22	36	23	30	49	41	19	22	39	49	32	23	23	13	12	19	48	5	16	42	13	16	34	42	22	27	2	44	41	45	41	42	20	4	7	31	17	34	11	40	30	
10	18	44	15	16	7	23	10	5	14	18	48	11	7	30	43	35	26	43	28	36	42	17	9	44	8	4	19	14	15	20	39	40	39	15	29	45	47	12	49	3	26	5	6	33	30	45	46	33	27	13	12	34	10	15	40	44	41	27	49	6	37	38	27	15	41	32	8	24	28	27	28	31	19	16	34	47	47	9	1	29	25	28	48	15	47	22	36	2	14	31	31	43	11	35	13	4	46	23	46		|	25	43	44	37	21	46	27	0	29	48	26	10	45	31	34	27	33	8	15	24	36	4	9	6	1	33	8	11	46	43	32	22	33	22	0	11	27	49	11	21	18	15	16	6	43	48	40	33	27	8	30	42	42	8	3	31	8	34	45	16	9	30	3	11	13	21	14	30	12	31	32	32	34	31	48	31	45	29	23	16	19	49	41	44	22	25	49	12	42	40	0	28	3	14	41	9	4	4	22	40	
19	22	44	46	44	46	29	46	17	11	37	44	47	31	39	24	44	0	46	46	17	9	14	6	6	5	31	12	29	37	38	28	8	32	35	43	42	12	45	15	43	4	33	47	17	40	12	44	4	45	29	13	10	33	31	28	20	40	11	12	12	46	2	0	2	43	35	40	33	19	20	20	1	1	38	19	38	32	32	11	41	35	18	6	10	2	2	32	21	24	23	25	27	46	33	48	24	17	26	32		|	15	32	17	0	7	15	46	48	46	34	15	29	15	29	28	28	22	21	47	41	33	5	40	47	5	7	28	12	32	17	46	13	0	19	19	17	33	15	21	42	41	38	39	10	47	0	2	24	29	12	38	49	21	42	7	8	11	5	23	44	1	35	49	44	45	47	27	11	7	38	42	11	24	16	16	17	1	11	44	18	30	4	6	22	38	24	3	32	46	32	28	13	45	36	35	10	23	7	10	8	
41	21	42	19	44	34	41	4	48	36	36	49	27	10	9	2	46	46	38	37	40	46	3	16	33	1	3	47	47	21	27	32	21	43	11	48	40	33	4	38	10	38	11	8	19	47	24	8	38	49	6	34	6	2	35	17	15	49	37	32	48	11	20	28	2	36	12	4	3	47	47	33	45	29	40	19	24	40	10	7	44	41	28	19	12	12	15	4	30	43	32	32	33	6	17	23	48	9	45	6		|	26	6	0	17	5	39	41	29	41	13	31	40	25	47	39	38	21	2	19	23	6	37	13	19	15	24	27	48	20	3	39	24	28	18	24	9	28	40	1	35	46	29	7	45	19	47	39	40	47	10	33	22	23	8	28	34	30	21	9	15	39	36	33	8	11	35	20	11	25	42	16	26	26	6	34	41	1	23	19	8	21	46	34	40	3	9	31	36	44	23	32	40	11	45	31	17	37	0	0	17	
37	20	41	0	44	27	11	37	5	14	49	20	48	13	19	29	8	35	27	41	34	36	5	19	43	23	17	34	11	28	5	5	25	8	7	13	1	38	3	9	31	17	7	35	1	25	28	39	30	45	5	36	31	29	49	17	42	27	12	25	11	17	21	15	10	21	20	0	18	36	10	15	33	0	9	26	5	47	31	39	19	41	41	44	6	42	40	37	10	12	23	43	19	44	18	20	14	42	42	9		|	24	44	12	25	49	12	31	22	27	12	6	37	21	16	0	22	7	14	46	24	7	19	4	25	24	34	31	15	27	37	30	30	6	22	29	5	25	6	31	4	38	7	10	6	49	7	33	36	39	6	28	38	3	37	36	32	12	35	36	45	11	43	47	23	25	20	48	26	29	7	24	4	41	23	20	28	1	9	36	34	9	31	1	5	38	36	9	33	26	40	0	32	28	32	29	5	36	24	32	32	
45	34	35	22	17	28	4	25	40	1	13	10	42	18	35	3	35	47	6	28	13	20	32	12	16	34	39	13	18	20	27	30	11	38	27	21	35	3	8	46	38	23	37	35	24	47	34	19	1	39	22	19	46	37	21	21	32	6	1	48	34	31	5	34	9	33	48	20	36	22	29	32	48	36	9	3	25	17	1	29	6	31	3	21	36	11	42	6	44	47	44	42	16	9	19	34	15	36	46	44		|	28	13	6	12	48	11	39	28	28	44	30	23	35	42	43	23	2	10	30	34	31	11	17	38	7	34	34	29	22	48	26	28	4	25	36	37	45	9	16	19	8	12	33	38	11	4	41	30	3	40	19	18	10	21	16	13	15	44	6	19	22	22	40	32	18	38	16	34	18	1	29	7	0	28	41	28	18	32	6	11	18	36	23	34	37	28	24	9	25	12	15	14	4	39	43	48	47	15	23	38	
5	3	48	33	31	38	5	15	11	23	6	24	32	24	18	22	46	17	25	5	35	2	27	16	21	35	40	39	43	1	37	23	41	24	17	4	41	19	49	6	44	9	22	8	28	22	38	30	37	11	27	36	28	15	9	6	3	41	23	45	29	19	37	37	41	30	25	4	46	0	33	45	49	42	19	44	29	22	39	15	11	37	6	25	37	28	44	48	15	8	17	38	44	48	15	21	15	1	9	24		|	17	11	26	48	1	29	29	26	6	0	11	9	33	49	8	6	37	22	20	12	0	21	8	46	19	20	21	35	9	17	33	48	41	4	36	10	6	46	30	12	34	13	29	4	30	14	21	33	31	46	33	9	0	19	35	6	5	32	41	30	1	44	3	3	45	2	31	25	25	14	7	29	45	29	33	11	19	21	26	20	22	6	26	47	41	16	16	11	35	32	28	6	29	33	46	26	7	23	40	15	
4	42	45	21	0	34	1	30	30	11	34	4	15	27	20	36	31	39	30	20	44	24	33	27	42	24	31	29	20	31	44	8	9	35	12	30	13	26	18	21	35	37	17	7	5	13	39	29	24	3	34	13	1	38	42	28	3	32	9	40	0	14	27	10	12	15	19	24	17	33	10	35	0	33	41	27	17	28	39	12	38	7	48	19	27	28	8	21	46	0	34	11	14	26	39	46	25	27	17	33		|	8	36	49	20	26	26	22	33	0	43	12	23	5	16	7	27	7	33	27	36	14	16	26	4	20	37	1	35	42	34	40	3	13	35	2	0	12	49	28	8	1	36	3	15	17	14	43	31	40	11	33	31	46	49	28	38	39	16	40	33	20	5	10	8	45	40	18	12	20	45	41	45	31	22	7	8	4	48	36	40	38	38	21	20	26	11	33	4	4	21	8	16	29	45	0	12	45	11	4	44	
1	27	26	36	45	26	26	44	9	42	41	47	12	42	33	26	45	31	6	25	20	4	21	36	44	16	13	9	24	4	39	46	19	40	16	14	3	44	46	1	39	36	19	4	10	25	48	6	47	37	7	49	22	47	41	44	39	3	9	2	31	25	13	32	4	42	35	0	8	38	32	38	28	22	19	34	27	0	6	32	40	43	26	33	21	12	37	4	32	14	9	8	49	47	22	11	40	32	45	42		|	44	23	0	41	11	38	9	30	31	49	1	26	16	12	5	12	10	32	28	34	40	29	37	17	23	28	48	3	27	25	13	47	38	1	44	42	12	7	39	33	17	42	8	30	13	4	41	2	10	21	48	17	19	38	40	14	22	34	9	40	36	13	36	36	10	10	1	48	6	45	23	27	7	47	24	26	31	13	8	46	30	7	7	39	26	23	5	43	7	31	18	5	47	48	29	18	21	42	12	39	
27	3	47	37	44	30	1	3	26	40	10	41	0	44	27	16	20	23	0	15	31	15	17	34	13	41	0	43	40	19	25	27	12	36	45	42	26	2	23	19	16	40	25	6	27	4	1	34	15	48	49	49	0	21	7	39	12	0	9	23	10	37	44	39	39	6	42	26	32	21	3	12	23	35	6	35	39	39	2	30	41	43	7	18	29	27	8	27	31	16	29	39	38	20	20	49	44	8	38	0		|	45	16	15	5	23	9	23	38	23	20	6	42	0	17	43	38	22	11	8	30	26	48	33	11	41	37	45	41	43	22	44	18	6	28	20	4	16	2	41	15	29	5	2	32	30	49	35	37	36	27	2	46	34	8	29	49	4	38	16	32	28	10	45	13	36	36	16	4	22	37	2	27	40	32	44	9	15	49	30	27	25	31	30	40	49	39	45	21	44	47	26	0	15	24	39	22	11	28	15	23	
1	7	15	38	36	33	14	41	3	46	46	29	0	12	21	2	33	1	46	10	44	23	23	49	14	2	4	32	17	19	28	3	33	2	45	10	18	30	37	44	18	34	18	19	42	46	13	12	26	32	29	25	43	30	25	12	13	41	23	16	23	5	8	37	25	4	10	24	48	6	7	47	30	41	1	33	24	25	30	16	19	43	39	7	32	27	20	39	29	5	37	46	15	29	35	10	37	28	25	47		|	25	3	19	28	32	13	47	8	32	37	19	15	18	23	46	44	23	12	29	48	6	49	23	36	43	26	43	29	30	46	6	24	42	41	9	47	41	5	22	22	46	6	1	46	0	22	36	19	25	39	34	28	5	40	43	7	8	18	21	37	31	48	25	16	44	12	41	25	49	17	5	25	11	33	48	2	36	7	26	29	18	48	27	22	42	35	11	9	34	6	43	47	28	40	11	27	24	12	16	38	
23	45	25	9	48	12	42	27	8	41	23	30	15	48	38	19	31	9	42	46	36	5	49	12	18	15	23	5	45	36	17	6	1	22	20	21	20	17	28	47	5	33	42	3	2	23	9	6	15	2	5	38	34	23	48	24	46	33	48	45	28	8	38	34	4	39	5	32	4	2	16	32	8	12	29	49	22	0	20	44	36	45	20	28	3	34	39	43	42	5	36	24	16	26	37	2	32	20	47	33		|	26	37	45	9	39	27	14	6	44	29	42	6	49	15	7	49	27	48	14	44	6	46	7	9	16	46	27	28	34	33	46	34	26	32	10	33	24	10	31	43	11	28	3	27	15	27	30	44	21	25	31	23	36	35	33	31	6	30	0	47	0	37	32	46	21	35	6	7	5	30	27	19	34	36	41	17	38	40	27	45	28	32	17	43	0	30	8	18	23	35	17	35	38	46	28	26	21	13	28	34	
20	44	31	33	16	43	37	4	2	8	14	41	31	1	44	38	0	4	44	29	21	11	4	48	22	36	43	38	49	30	47	7	32	1	44	33	10	13	19	18	19	48	0	43	23	20	24	0	0	29	34	17	9	30	5	36	22	2	17	33	23	30	30	15	12	36	27	6	25	42	39	15	9	49	36	41	17	29	49	18	19	31	8	44	1	6	41	10	0	10	39	4	30	30	26	9	6	21	42	43		|	2	10	46	48	18	42	28	38	38	7	25	10	48	2	13	15	44	17	26	40	48	17	0	43	24	23	46	32	23	11	7	32	40	15	13	8	28	22	26	31	20	8	15	16	3	20	10	8	37	21	27	36	42	11	32	39	4	37	0	34	4	27	22	6	46	3	6	34	9	30	31	34	47	29	26	8	9	28	23	40	35	35	9	1	24	27	35	21	27	39	49	41	5	6	8	1	29	25	29	40	
49	25	32	30	16	39	1	28	2	26	41	20	22	9	10	17	14	12	36	35	38	25	37	18	11	35	14	46	40	5	41	42	39	25	8	12	19	41	7	5	15	33	12	38	24	45	32	6	47	20	24	30	2	30	48	21	34	37	33	18	15	7	43	18	28	46	47	40	46	42	28	14	8	40	16	38	4	33	35	9	35	16	45	27	42	32	31	23	14	2	45	38	45	39	33	21	48	48	9	41		|	2	40	0	45	2	36	15	40	1	21	46	20	15	49	42	28	19	30	19	22	11	29	22	15	0	5	19	22	34	22	31	34	37	46	4	14	43	40	17	32	1	40	18	7	3	46	19	28	48	9	34	8	22	35	38	47	12	22	18	38	32	6	34	39	46	12	10	15	33	46	46	4	26	46	45	3	6	14	17	14	28	37	36	20	9	4	9	13	26	4	20	13	48	23	18	3	48	36	10	18	
40	35	23	35	23	33	37	34	20	18	27	2	12	36	46	27	19	4	47	29	48	9	5	39	34	10	24	37	8	28	13	24	6	26	13	41	17	31	43	18	2	17	45	39	9	5	24	26	22	2	19	20	32	49	0	46	21	18	10	44	6	11	45	5	7	8	34	30	23	20	47	47	29	19	7	12	9	46	18	18	8	42	33	47	37	8	46	14	25	34	20	20	46	27	22	43	3	26	12	35		|	39	32	47	34	5	15	6	40	38	3	17	28	34	23	36	16	38	35	31	44	15	5	2	42	49	14	4	23	36	28	33	31	0	18	18	4	34	0	45	25	5	12	20	11	42	42	25	0	14	42	43	41	37	9	6	27	12	20	41	7	18	13	15	4	24	44	7	4	30	46	30	20	8	41	27	24	23	33	30	14	24	15	3	31	25	45	14	41	25	11	47	20	29	10	20	31	12	22	48	40	
49	20	48	32	40	8	22	10	43	11	12	13	19	44	45	10	1	4	27	7	12	16	13	24	42	40	15	31	40	46	29	39	41	20	9	7	12	41	38	33	28	44	11	33	38	11	41	40	49	18	36	37	0	40	35	39	1	16	9	17	3	36	19	6	42	28	4	34	14	7	31	31	12	2	42	35	47	47	20	47	10	48	4	44	28	39	11	9	3	32	14	13	20	15	44	25	31	1	26	10		|	0	40	3	10	26	18	22	38	2	44	27	26	32	30	31	34	49	26	33	22	14	31	36	42	2	15	29	30	21	30	35	33	3	24	3	33	16	43	34	12	20	42	36	21	38	30	33	41	45	32	34	17	35	4	1	9	19	4	40	5	22	29	43	0	37	49	40	23	5	41	9	22	49	23	39	28	6	43	5	11	39	1	27	43	10	42	33	14	21	30	31	20	37	31	15	40	18	47	0	7	
24	43	3	7	19	11	1	38	24	4	30	17	3	2	46	4	40	6	14	12	28	23	11	30	27	45	16	47	27	17	29	3	35	48	10	25	47	2	44	23	33	5	44	48	24	44	44	26	32	37	5	46	20	22	39	10	6	48	18	46	41	33	32	23	25	5	38	43	37	43	25	18	17	12	47	25	12	43	41	31	36	11	1	31	24	41	15	18	21	17	40	20	0	21	29	37	11	21	38	8		|	14	40	18	23	37	19	2	18	24	23	3	49	10	13	28	15	43	44	37	31	38	11	3	2	11	35	33	34	37	39	10	6	13	49	31	22	34	5	40	15	6	14	1	43	38	8	0	32	36	7	48	22	31	37	3	0	12	2	34	0	45	37	35	28	21	30	19	23	42	35	9	47	46	6	46	3	26	44	12	39	2	2	12	32	24	9	28	17	40	18	34	13	41	8	36	13	31	9	43	46	
28	5	22	22	45	28	44	16	26	43	15	45	14	10	22	21	29	44	3	12	4	36	28	24	37	47	49	36	20	45	21	48	31	35	44	18	16	42	25	6	16	20	16	13	38	7	44	37	44	15	25	11	19	49	9	23	26	29	34	35	27	46	25	36	25	48	41	19	44	12	0	47	19	45	45	26	15	27	22	16	47	30	24	7	33	36	17	44	39	45	8	44	39	36	18	26	42	24	9	19		|	0	38	7	44	12	37	28	10	31	0	3	19	42	5	29	43	13	4	24	40	46	25	38	35	1	15	38	42	14	1	17	24	48	19	44	33	1	43	12	4	4	20	0	33	3	37	31	13	0	3	7	7	12	16	14	37	24	49	29	42	19	26	32	18	46	17	28	8	21	10	26	37	35	33	25	3	38	10	32	28	39	28	14	31	32	5	21	28	13	45	8	8	10	13	0	21	39	13	32	27	
31	18	26	5	0	49	14	1	29	48	18	1	2	7	6	29	48	43	44	10	8	47	32	3	30	3	17	23	34	16	36	12	31	40	18	19	9	49	28	12	40	7	36	2	31	10	49	11	39	3	19	42	13	6	9	25	23	36	18	46	32	3	20	4	40	44	45	18	25	43	45	41	25	4	31	16	3	5	31	35	13	18	24	19	29	11	47	9	34	19	20	48	47	21	10	6	36	4	24	30		|	35	13	13	28	35	1	33	8	5	27	39	47	18	22	6	46	8	11	3	17	40	49	18	39	12	10	27	36	5	2	47	12	12	40	7	1	20	15	35	6	44	4	37	0	41	32	8	28	35	41	28	49	29	40	22	46	35	47	32	10	1	41	9	39	27	4	4	34	7	33	33	37	39	41	24	46	40	47	26	37	23	27	49	26	18	13	42	48	45	16	21	28	39	21	25	15	21	44	48	21	
